              precision    recall  f1-score   support

           1       0.95      0.98      0.96       496
           2       0.94      0.94      0.94       471
           3       0.97      0.94      0.95       420
           4       0.97      0.90      0.93       491
           5       0.89      0.97      0.93       532
           6       1.00      0.97      0.99       537

    accuracy                           0.95      2947
   macro avg       0.95      0.95      0.95      2947
weighted avg       0.95      0.95      0.95      2947
