              precision    recall  f1-score   support

           1       0.98      0.98      0.98       369
           2       0.97      0.99      0.98       270
           3       0.99      0.98      0.98       284
           4       0.97      0.95      0.96       377
           5       0.95      0.97      0.96       354
           6       1.00      1.00      1.00       406

    accuracy                           0.98      2060
   macro avg       0.98      0.98      0.98      2060
weighted avg       0.98      0.98      0.98      2060
