              precision    recall  f1-score   support

           1       0.96      0.99      0.98       369
           2       0.98      0.99      0.98       270
           3       0.99      0.95      0.97       284
           4       0.88      0.77      0.82       377
           5       0.79      0.89      0.84       354
           6       0.99      1.00      0.99       406

    accuracy                           0.93      2060
   macro avg       0.93      0.93      0.93      2060
weighted avg       0.93      0.93      0.93      2060
