              precision    recall  f1-score   support

           1       0.94      0.76      0.84       369
           2       0.73      0.97      0.84       270
           3       0.86      0.83      0.85       284
           4       0.90      0.47      0.62       377
           5       0.64      0.94      0.76       354
           6       0.99      1.00      1.00       406

    accuracy                           0.82      2060
   macro avg       0.84      0.83      0.82      2060
weighted avg       0.85      0.82      0.82      2060
