                Model  Accuracy  F1 Score   Recall  Precision
           Linear_SVC  0.967424  0.967215 0.967424   0.968730
  Logistic_Regression  0.960977  0.960840 0.960977   0.962417
                  ANN  0.952155  0.952242 0.952155   0.953652
    Gradient_Boosting  0.939260  0.939080 0.939260   0.940294
          Extra_Trees  0.935867  0.935471 0.935867   0.937597
        Random_Forest  0.919579  0.919363 0.919579   0.921428
                  KNN  0.901595  0.900698 0.901595   0.905930
Bagged_Decision_Trees  0.888361  0.887891 0.888361   0.889825
        Decision_Tree  0.855446  0.854846 0.855446   0.855948
                 CART  0.853410  0.852856 0.853410   0.853979
 Gaussian_Naive_Bayes  0.770275  0.768770 0.770275   0.794683
             AdaBoost  0.531049  0.394408 0.531049   0.336286