              precision    recall  f1-score   support

           1       0.85      0.98      0.91       496
           2       0.89      0.90      0.90       471
           3       0.95      0.79      0.86       420
           4       0.91      0.79      0.85       491
           5       0.83      0.93      0.88       532
           6       1.00      0.99      1.00       537

    accuracy                           0.90      2947
   macro avg       0.91      0.90      0.90      2947
weighted avg       0.91      0.90      0.90      2947
