              precision    recall  f1-score   support

           1       0.36      1.00      0.53       496
           2       0.00      0.00      0.00       471
           3       0.00      0.00      0.00       420
           4       0.00      0.00      0.00       491
           5       0.52      1.00      0.68       532
           6       1.00      1.00      1.00       537

    accuracy                           0.53      2947
   macro avg       0.31      0.50      0.37      2947
weighted avg       0.34      0.53      0.39      2947
