              precision    recall  f1-score   support

           1       0.95      0.95      0.95       369
           2       0.93      0.96      0.94       270
           3       0.94      0.92      0.93       284
           4       0.94      0.94      0.94       377
           5       0.94      0.94      0.94       354
           6       1.00      1.00      1.00       406

    accuracy                           0.95      2060
   macro avg       0.95      0.95      0.95      2060
weighted avg       0.95      0.95      0.95      2060
