              precision    recall  f1-score   support

           1       0.97      0.97      0.97       369
           2       0.96      0.97      0.97       270
           3       0.98      0.98      0.98       284
           4       0.91      0.88      0.90       377
           5       0.88      0.91      0.90       354
           6       1.00      1.00      1.00       406

    accuracy                           0.95      2060
   macro avg       0.95      0.95      0.95      2060
weighted avg       0.95      0.95      0.95      2060
