              precision    recall  f1-score   support

           1       0.94      0.98      0.96       496
           2       0.93      0.93      0.93       471
           3       0.97      0.92      0.95       420
           4       0.93      0.85      0.89       491
           5       0.88      0.94      0.91       532
           6       1.00      1.00      1.00       537

    accuracy                           0.94      2947
   macro avg       0.94      0.94      0.94      2947
weighted avg       0.94      0.94      0.94      2947
