              precision    recall  f1-score   support

           1       0.91      0.97      0.94       496
           2       0.90      0.93      0.91       471
           3       0.95      0.84      0.89       420
           4       0.97      0.88      0.92       491
           5       0.90      0.97      0.94       532
           6       1.00      1.00      1.00       537

    accuracy                           0.94      2947
   macro avg       0.94      0.93      0.93      2947
weighted avg       0.94      0.94      0.94      2947
