              precision    recall  f1-score   support

           1       0.94      0.99      0.97       496
           2       0.97      0.94      0.95       471
           3       0.99      0.96      0.98       420
           4       0.98      0.88      0.93       491
           5       0.90      0.98      0.94       532
           6       1.00      1.00      1.00       537

    accuracy                           0.96      2947
   macro avg       0.96      0.96      0.96      2947
weighted avg       0.96      0.96      0.96      2947
