              precision    recall  f1-score   support

           1       0.96      1.00      0.98       496
           2       0.98      0.97      0.97       471
           3       1.00      0.98      0.99       420
           4       0.98      0.87      0.92       491
           5       0.90      0.98      0.94       532
           6       1.00      1.00      1.00       537

    accuracy                           0.97      2947
   macro avg       0.97      0.97      0.97      2947
weighted avg       0.97      0.97      0.97      2947
