              precision    recall  f1-score   support

           1       0.83      0.90      0.86       496
           2       0.80      0.77      0.79       471
           3       0.87      0.83      0.85       420
           4       0.83      0.75      0.79       491
           5       0.79      0.85      0.82       532
           6       1.00      1.00      1.00       537

    accuracy                           0.85      2947
   macro avg       0.85      0.85      0.85      2947
weighted avg       0.85      0.85      0.85      2947
