              precision    recall  f1-score   support

           1       0.94      0.93      0.94       369
           2       0.91      0.91      0.91       270
           3       0.89      0.90      0.89       284
           4       0.93      0.92      0.92       377
           5       0.92      0.93      0.92       354
           6       1.00      1.00      1.00       406

    accuracy                           0.93      2060
   macro avg       0.93      0.93      0.93      2060
weighted avg       0.94      0.93      0.93      2060
