              precision    recall  f1-score   support

           1       0.82      0.89      0.86       496
           2       0.80      0.76      0.78       471
           3       0.85      0.82      0.84       420
           4       0.84      0.77      0.80       491
           5       0.80      0.87      0.83       532
           6       1.00      1.00      1.00       537

    accuracy                           0.86      2947
   macro avg       0.85      0.85      0.85      2947
weighted avg       0.86      0.86      0.85      2947
