                Model  Accuracy  F1 Score   Recall  Precision
          Extra_Trees  0.984951  0.984954 0.984951   0.985125
    Gradient_Boosting  0.978155  0.978163 0.978155   0.978277
        Random_Forest  0.977184  0.977187 0.977184   0.977333
                  ANN  0.964078  0.963998 0.964078   0.964243
Bagged_Decision_Trees  0.951456  0.951441 0.951456   0.951549
           Linear_SVC  0.950485  0.950462 0.950485   0.950585
  Logistic_Regression  0.950485  0.950459 0.950485   0.950521
                 CART  0.934951  0.935030 0.934951   0.935255
        Decision_Tree  0.934951  0.934991 0.934951   0.935060
                  KNN  0.927670  0.927403 0.927670   0.929571
 Gaussian_Naive_Bayes  0.824272  0.817938 0.824272   0.853025
             AdaBoost  0.547573  0.411263 0.547573   0.351724