              precision    recall  f1-score   support

           1       0.82      0.84      0.83       496
           2       0.76      0.96      0.84       471
           3       0.83      0.61      0.70       420
           4       0.58      0.75      0.65       491
           5       0.80      0.86      0.83       532
           6       0.96      0.60      0.74       537

    accuracy                           0.77      2947
   macro avg       0.79      0.77      0.77      2947
weighted avg       0.79      0.77      0.77      2947
