              precision    recall  f1-score   support

           1       0.40      1.00      0.57       369
           2       0.00      0.00      0.00       270
           3       0.00      0.00      0.00       284
           4       0.00      0.00      0.00       377
           5       0.48      1.00      0.65       354
           6       1.00      1.00      1.00       406

    accuracy                           0.55      2060
   macro avg       0.31      0.50      0.37      2060
weighted avg       0.35      0.55      0.41      2060
