              precision    recall  f1-score   support

           1       0.85      0.96      0.90       496
           2       0.85      0.81      0.83       471
           3       0.93      0.84      0.88       420
           4       0.87      0.82      0.84       491
           5       0.84      0.88      0.86       532
           6       1.00      1.00      1.00       537

    accuracy                           0.89      2947
   macro avg       0.89      0.88      0.89      2947
weighted avg       0.89      0.89      0.89      2947
